Bundle size = 1
990.525
983.563
995.252
833.166
1026.654
1031.186
1053.234
880.992
894.09
975.456
921.966
926.592
1034.128
1014.16
979.784
1022.37
951.352
970.034
952.44
1011.802

Bundle size = 2
1033.98
988.8
1007.606
1138.832
906.158
957.186
884.438
862.774
964.982
1029.456
859.158
1031.078
900.956
938.398
1013.864

Bundle size = 3
957.23
1081.556
975.524
992.728
952.614
916.656
1007.058
952.128
986.62
1024.06
931.234
869.234
1026.662
1044.822
945.416
904.942

Bundle size = 4
1008.994
829.694
1001.116
824.2
903.844
957.046
960.424
1018.534
1013.942
960.514
954.064
969.45
933.994
972.146
995.006
1054.45
857.892
904.396
961.716
1022.812
928.436
1075.858
910.182

Bundle size = 5
987.232
947.886
948.676
929.948
1011.07
946.918
936.624
874.282
915.624
1065.124
904.516
942.956
984.722
925.792
942.184
1062.958
1002.358
865.184
977.654
958.284
927.338
982.056
912.21
942.768
935.808
880.214
1091.152
909.136
1013.924
935.944
853.444
1030.41
925.086
903.154
893.542
1015.612
834.538
905.122
930.36
1027.442
1036.154
1003.43
895.788
915.172
1034.548
956.666
1068.348
