Bundle size = 1
954.922
869.604
891.932
849.676
930.016
794.976
1006.096
860.17
902.256
897.694
906.904
978.88
1030.04
927.428

Bundle size = 2
926.66
873.168
857.804
1003.624
988.15
946.262
994.42
906.392
883.164
930.41
964.624
876.604

Bundle size = 3
889.87
960.432
906.65
962.988
907.812
897.074
889.742
749.304
994.518
840.15
979.41
862.074
1038.046
846.15

Bundle size = 4
828.558
824.364
916.598
850.816
923.188
919.946
976.732
971.608
921.582
923.694
900.432
925.338
975.674
880.184
770.852
849.316
779.71
979.662
914.596
850.85
984.964


Bundle size = 5
874.71
890.116
827.018
821.142
968.632
860.53
833.23
829.202
932.04
816.634
993.768
776.066
1011.776
991.482
921.748
998.54
832.514
907.454
984.438
946.648
903.166
884.046
769.024
798.44

