Bundle size = 1
933.328
944.67
897.404
821.05
935.386
947.816
892.232
913.524
883.408
844.474
831.446
830.868
Bundle size = 2
871.692
891.742
1003.964
942.74
986.574
931.182
996.774
886.422
878.35
718.216
Bundle size = 3
881.952
819.376
936.578
934.37
885.102
987.266
963.938
832.124
Bundle size = 4
833.792
813.478
825.196
967.6
981.064
909.632
879.42
886.542
885.088
846.71
931.95
830.436
831.498
980.776
792.312
Bundle size = 5
825.88
822.22
947.354
857.762
902.484
834.742
823.316
742.986
844.946
795.166
794.77
812.564
