Bundle size = 1
948.012
771.148
919.486
895.774
761.408
876.75
938.034
863.076
858.066
768.316
903.968
886.87
898.892
875.736
990.4
888.522
967.94
797.61

Bundle size = 2
846.988
960.766
826.65
826.918
983.614
910.986
912.876
979.938
863.802
856.706
742.022

Bundle size = 3
871.22
814.452
838.826
901.678
906.762
860.41
995.204
850.422
854.778
770.832
905.312
886.456
976.158
797.752
1002.73
851.8
959.084

Bundle size = 4
790.758
799.014
742.818
904.588
888.972
821.246
865.366
881.38
888.268
893.638
862.236
865.65
785.204
904.812
893.298
799.22
870.07
867.334
772.002
882.038
914.094
878.918
853.85
922.26
816.316

Bundle size = 5
872.754
877.804
847.046
976.35
826.94
940.82
866.528
830.942
821.084
807.876
817.938
848.25
901.614
762.886
857.774
984.012
792.938
908.822
835.6
871.622
887.79
931.504
945.91
756.092
964.932
987.748
898.96
803.01
964.83
888.454
931.12
906.294

