Bundle size = 1
833.492
907.958
921.598
896.282
818.62
927.978
916.516
815.976
934.468
861.804
943.108
817.696
Bundle size = 2
901.014
970.622
829.994
889.124
937.744
892.684
804.134
860.474
844.798
840.2
791.12
Bundle size = 3
870.188
849.704
946.758
952.992
951.472
827.354
942.998
884.736
886.674
971.688
948.228
913.984
Bundle size = 4
911.318
789.32
835.892
879.096
874.8
758.442
937.468
863.586
924.524
898.78
Bundle size = 5
891.27
867.666
875.188
920.464
880.722
927.6
935.076
834.168
1087.126
948.524
