Bundle size = 1
829.392
781.892
847.064
876.522
881.326
936.648
908.998
1005.292
944.906
Bundle size = 2
777.768
850.242
836.264
813.988
801.104
865.314
998.86
789.486
Bundle size = 3
923.082
927.432
782.458
1029.654
971.556
820.218
775.192
868.224
875.264
857.746
851.136
886.496
853.544
Bundle size = 4
898.288
843.106
845.174
798.224
918.292
788.898
893.414
821.286
873.24
926.692
899.4
824.178
910.302
916.488
878.712
1074.606
Bundle size = 5
955.494
826.536
817.65
751.992
899.42
843.596
785.768
886.378
950.742
919.192
943.236
