
Bundle size = 1
873.643333333
898.18
695.566666667
907.813333333
939.51
830.473333333
1008.76333333

Bundle size = 2
858.01
860.143333333
974.773333333
815.82
891.083333333
828.523333333
944.65

Bundle size = 3
830.743333333
922.82
943.263333333
732.48
810.95
940.09
973.623333333
864.886666667
982.706666667
850.32
889.78
901.956666667
905.7
861.45
896.556666667
987.043333333
1005.24333333
821.2
776.966666667

Bundle size = 4
889.573333333
803.823333333
901.18
821.646666667
958.67
848.94
793.716666667
941.386666667
862.66
779.806666667
750.236666667

Bundle size = 5
901.92
883.563333333
931.023333333
837.856666667
875.893333333
884.666666667
916.606666667
880.66
897.36
