Bundle size = 1
892.982
964.902
980.936
961.996
909.948
977.3
851.626666667
1077.29666667
1084.49666667
1039.47333333
1023.12
877.01
916.923333333


Bundle size = 2
1006.09666667
924.33
1011.41333333
869.226666667
966.82
957.32
907.246666667
1037.69333333
853.493333333
872.89
852.386666667

Bundle size = 3
960.183333333
965.226666667
925.8
808.6
949.166666667
1033.2
984.256666667
938.866666667
930.91
933.023333333
823.426666667
905.713333333
886.303333333
867.29
943.27
931.53
853.143333333
1136.07333333

Bundle size = 4
773.396666667
802.966666667
826.946666667
872.966666667
917.186666667
888.073333333
888.94
915.7
1101.01
894.206666667

Bundle size = 5
1008.10666667
848.886666667
875.82
888.81
799.343333333
839.333333333
988.526666667
872.27
